Material: Eyes
BaseColor: Eyes.png
Normal: None
Roughness: None
Metallic: None
Alpha: 1.000000
Emissive: None
Vertices:
0.124255 3.304591 1.211499 0.777785 0.084265
0.095794 3.338129 1.210653 0.500000 0.500000
0.117977 3.299315 1.211198 0.691342 0.038060
0.055809 3.349155 1.209140 0.038060 0.691342
0.095794 3.338129 1.210653 0.500000 0.500000
0.058258 3.357501 1.209314 0.084265 0.777785
0.129439 3.311156 1.211767 0.853553 0.146447
0.095794 3.338129 1.210653 0.500000 0.500000
0.054897 3.340386 1.209024 0.009607 0.597545
0.095794 3.338129 1.210653 0.500000 0.500000
0.133330 3.318758 1.211992 0.915735 0.222215
0.095794 3.338129 1.210653 0.500000 0.500000
0.055556 3.331529 1.208971 0.000000 0.500000
0.095794 3.338129 1.210653 0.500000 0.500000
0.135779 3.327103 1.212166 0.961940 0.308658
0.095794 3.338129 1.210653 0.500000 0.500000
0.057762 3.322927 1.208983 0.009607 0.402455
0.095794 3.338129 1.210653 0.500000 0.500000
0.136691 3.335873 1.212282 0.990393 0.402455
0.095794 3.338129 1.210653 0.500000 0.500000
0.061430 3.314909 1.209058 0.038060 0.308658
0.095794 3.338129 1.210653 0.500000 0.500000
0.136031 3.344729 1.212335 1.000000 0.500000
0.095794 3.338129 1.210653 0.500000 0.500000
0.066418 3.307783 1.209195 0.084265 0.222215
0.095794 3.338129 1.210653 0.500000 0.500000
0.133825 3.353332 1.212323 0.990393 0.597545
0.095794 3.338129 1.210653 0.500000 0.500000
0.072534 3.301823 1.209388 0.146447 0.146447
0.095794 3.338129 1.210653 0.500000 0.500000
0.130158 3.361350 1.212247 0.961940 0.691342
0.095794 3.338129 1.210653 0.500000 0.500000
0.079545 3.297258 1.209630 0.222215 0.084265
0.095794 3.338129 1.210653 0.500000 0.500000
0.125170 3.368476 1.212110 0.915735 0.777785
0.095794 3.338129 1.210653 0.500000 0.500000
0.087180 3.294264 1.209911 0.308658 0.038060
0.095794 3.338129 1.210653 0.500000 0.500000
0.080741 3.380728 1.210429 0.402455 0.990393
0.095794 3.338129 1.210653 0.500000 0.500000
0.088450 3.382874 1.210759 0.500000 1.000000
0.119053 3.374436 1.211917 0.853553 0.853553
0.095794 3.338129 1.210653 0.500000 0.500000
0.095146 3.292956 1.210220 0.402455 0.009607
0.095794 3.338129 1.210653 0.500000 0.500000
0.073611 3.376943 1.210107 0.308658 0.961940
0.095794 3.338129 1.210653 0.500000 0.500000
0.112043 3.379000 1.211676 0.777785 0.915735
0.095794 3.338129 1.210653 0.500000 0.500000
0.103137 3.293384 1.210546 0.500000 0.000000
0.095794 3.338129 1.210653 0.500000 0.500000
0.067333 3.371667 1.209807 0.222215 0.915735
0.095794 3.338129 1.210653 0.500000 0.500000
0.104407 3.381994 1.211395 0.691342 0.961940
0.095794 3.338129 1.210653 0.500000 0.500000
0.110846 3.295531 1.210877 0.597545 0.009607
0.095794 3.338129 1.210653 0.500000 0.500000
0.062149 3.365103 1.209539 0.146447 0.853553
0.095794 3.338129 1.210653 0.500000 0.500000
0.096441 3.383302 1.211085 0.597545 0.990393
0.095794 3.338129 1.210653 0.500000 0.500000
0.095794 3.338129 1.210653 0.500000 0.500000
0.095794 3.338129 1.210653 0.500000 0.500000
0.095794 3.338129 1.210653 0.500000 0.500000
-0.122561 3.261231 1.156561 0.777785 0.084265
-0.149576 3.293907 1.144813 0.500000 0.500000
-0.127664 3.255824 1.153089 0.691342 0.038060
-0.185093 3.303890 1.125800 0.038060 0.691342
-0.149576 3.293907 1.144813 0.500000 0.500000
-0.183527 3.312258 1.127592 0.084265 0.777785
-0.118495 3.267894 1.159581 0.853553 0.146447
-0.149576 3.293907 1.144813 0.500000 0.500000
-0.185295 3.295139 1.124740 0.009607 0.597545
-0.149576 3.293907 1.144813 0.500000 0.500000
-0.115624 3.275557 1.162035 0.915735 0.222215
-0.149576 3.293907 1.144813 0.500000 0.500000
-0.184123 3.286340 1.124450 0.000000 0.500000
-0.149576 3.293907 1.144813 0.500000 0.500000
-0.114058 3.283924 1.163826 0.961940 0.308658
-0.149576 3.293907 1.144813 0.500000 0.500000
-0.181624 3.277833 1.124944 0.009607 0.402455
-0.149576 3.293907 1.144813 0.500000 0.500000
-0.113857 3.292675 1.164887 0.990393 0.402455
-0.149576 3.293907 1.144813 0.500000 0.500000
-0.177894 3.269943 1.126200 0.038060 0.308658
-0.149576 3.293907 1.144813 0.500000 0.500000
-0.115028 3.301474 1.165176 1.000000 0.500000
-0.149576 3.293907 1.144813 0.500000 0.500000
-0.173075 3.262973 1.128173 0.084265 0.222215
-0.149576 3.293907 1.144813 0.500000 0.500000
-0.117527 3.309982 1.164683 0.990393 0.597545
-0.149576 3.293907 1.144813 0.500000 0.500000
-0.167353 3.257193 1.130784 0.146447 0.146447
-0.149576 3.293907 1.144813 0.500000 0.500000
-0.121258 3.317872 1.163426 0.961940 0.691342
-0.149576 3.293907 1.144813 0.500000 0.500000
-0.160948 3.252824 1.133935 0.222215 0.084265
-0.149576 3.293907 1.144813 0.500000 0.500000
-0.126076 3.324841 1.161454 0.915735 0.777785
-0.149576 3.293907 1.144813 0.500000 0.500000
-0.154106 3.250033 1.137504 0.308658 0.038060
-0.149576 3.293907 1.144813 0.500000 0.500000
-0.165541 3.335933 1.140328 0.402455 0.990393
-0.149576 3.293907 1.144813 0.500000 0.500000
-0.158982 3.338262 1.144290 0.500000 1.000000
-0.131798 3.330621 1.158842 0.853553 0.853553
-0.149576 3.293907 1.144813 0.500000 0.500000
-0.147090 3.248929 1.141353 0.402455 0.009607
-0.149576 3.293907 1.144813 0.500000 0.500000
-0.171487 3.331990 1.136538 0.308658 0.961940
-0.149576 3.293907 1.144813 0.500000 0.500000
-0.138203 3.334991 1.155692 0.777785 0.915735
-0.149576 3.293907 1.144813 0.500000 0.500000
-0.140169 3.249552 1.145336 0.500000 0.000000
-0.149576 3.293907 1.144813 0.500000 0.500000
-0.176591 3.326583 1.133066 0.222215 0.915735
-0.149576 3.293907 1.144813 0.500000 0.500000
-0.145046 3.337781 1.152123 0.691342 0.961940
-0.149576 3.293907 1.144813 0.500000 0.500000
-0.133610 3.251881 1.149298 0.597545 0.009607
-0.149576 3.293907 1.144813 0.500000 0.500000
-0.180656 3.319920 1.130045 0.146447 0.853553
-0.149576 3.293907 1.144813 0.500000 0.500000
-0.152062 3.338886 1.148273 0.597545 0.990393
-0.149576 3.293907 1.144813 0.500000 0.500000
-0.149576 3.293907 1.144813 0.500000 0.500000
-0.149576 3.293907 1.144813 0.500000 0.500000
-0.149576 3.293907 1.144813 0.500000 0.500000
Indices:
0 1 2
3 4 5
6 7 0
8 9 3
10 11 6
12 13 8
14 15 10
16 17 12
18 19 14
20 21 16
22 23 18
24 25 20
26 27 22
28 29 24
30 31 26
32 33 28
34 35 30
36 37 32
38 39 40
41 42 34
43 44 36
45 46 38
47 48 41
49 50 43
51 52 45
53 54 47
55 56 49
57 58 51
59 60 53
2 61 55
5 62 57
40 63 59
0 7 1
3 9 4
6 11 7
8 13 9
10 15 11
12 17 13
14 19 15
16 21 17
18 23 19
20 25 21
22 27 23
24 29 25
26 31 27
28 33 29
30 35 31
32 37 33
34 42 35
36 44 37
38 46 39
41 48 42
43 50 44
45 52 46
47 54 48
49 56 50
51 58 52
53 60 54
55 61 56
57 62 58
59 63 60
2 1 61
5 4 62
40 39 63
64 65 66
67 68 69
70 71 64
72 73 67
74 75 70
76 77 72
78 79 74
80 81 76
82 83 78
84 85 80
86 87 82
88 89 84
90 91 86
92 93 88
94 95 90
96 97 92
98 99 94
100 101 96
102 103 104
105 106 98
107 108 100
109 110 102
111 112 105
113 114 107
115 116 109
117 118 111
119 120 113
121 122 115
123 124 117
66 125 119
69 126 121
104 127 123
64 71 65
67 73 68
70 75 71
72 77 73
74 79 75
76 81 77
78 83 79
80 85 81
82 87 83
84 89 85
86 91 87
88 93 89
90 95 91
92 97 93
94 99 95
96 101 97
98 106 99
100 108 101
102 110 103
105 112 106
107 114 108
109 116 110
111 118 112
113 120 114
115 122 116
117 124 118
119 125 120
121 126 122
123 127 124
66 65 125
69 68 126
104 103 127
