Material: Magic
BaseColor: MagicCircle.png
Normal: None
Roughness: None
Metallic: None
Alpha: 1.000000
Emissive: None
Vertices:
-1.778082 3.682410 2.608746 0.402455 0.990393
-1.739280 3.702871 2.607354 0.500000 0.914641
-1.768518 3.714046 2.603324 0.500000 1.000000
-1.709607 3.747691 2.594451 0.658676 0.883078
-1.707892 3.788429 2.578225 0.777785 0.915735
-1.732735 3.768095 2.587765 0.691342 0.961940
-1.689005 3.764553 2.586540 0.730362 0.844761
-1.679631 3.803198 2.567987 0.853553 0.853553
-1.665568 3.776800 2.578048 0.793195 0.793195
-1.649038 3.811836 2.557444 0.915734 0.777785
-1.640198 3.783964 2.569303 0.844761 0.730362
-1.617288 3.814008 2.547000 0.961940 0.691342
-1.613867 3.785765 2.560641 0.883078 0.658676
-1.585599 3.809629 2.537060 0.990392 0.597545
-1.587587 3.782134 2.552394 0.906674 0.580892
-1.555189 3.798870 2.528000 1.000000 0.500000
-1.539484 3.759371 2.538450 0.906674 0.419108
-1.527214 3.782128 2.520172 0.990392 0.402455
-1.519566 3.741128 2.533299 0.883078 0.341324
-1.503073 3.760103 2.513940 0.961940 0.308658
-1.503234 3.719144 2.529609 0.844761 0.269638
-1.483340 3.733567 2.509499 0.915734 0.222215
-1.491111 3.694263 2.527528 0.793195 0.206805
-1.468714 3.703566 2.506988 0.853553 0.146447
-1.483728 3.667474 2.527134 0.730362 0.155239
-1.459818 3.671252 2.506497 0.777785 0.084265
-1.481398 3.639805 2.528442 0.658676 0.116922
-1.457002 3.637891 2.508059 0.691342 0.038060
-1.484244 3.612324 2.531399 0.580892 0.093326
-1.460411 3.604760 2.511620 0.597545 0.009607
-1.492159 3.586093 2.535898 0.500000 0.085359
-1.469940 3.573140 2.517043 0.500000 0.000000
-1.485240 3.544247 2.524114 0.402455 0.009607
-1.504849 3.562119 2.541765 0.419108 0.093326
-1.505713 3.519183 2.532568 0.308658 0.038060
-1.521821 3.541321 2.548775 0.341324 0.116922
-1.530547 3.498908 2.542079 0.222215 0.084265
-1.542417 3.524501 2.556652 0.269638 0.155239
-1.558765 3.484177 2.552281 0.146447 0.146447
-1.565817 3.512294 2.565096 0.206805 0.206805
-1.589255 3.475572 2.562760 0.084265 0.222215
-1.591097 3.505154 2.573786 0.155239 0.269638
-1.620795 3.473394 2.573128 0.038060 0.308658
-1.617209 3.503339 2.582389 0.116921 0.341324
-1.652208 3.477726 2.583013 0.009607 0.402455
-1.643149 3.506922 2.590566 0.093326 0.419108
-1.682656 3.488468 2.592079 0.000000 0.500000
-1.691272 3.529654 2.604517 0.093326 0.580892
-1.710629 3.505175 2.599912 0.009607 0.597545
-1.711543 3.547923 2.609742 0.116922 0.658677
-1.735073 3.527203 2.606210 0.038060 0.691342
-1.728108 3.569905 2.613495 0.155239 0.730362
-1.755047 3.553709 2.610733 0.084265 0.777785
-1.740331 3.594756 2.615631 0.206805 0.793195
-1.769787 3.583673 2.613307 0.146447 0.853553
-1.747748 3.621518 2.616069 0.269638 0.844761
-1.778730 3.615946 2.613833 0.222215 0.915735
-1.750071 3.649166 2.614792 0.341324 0.883078
-1.781530 3.649285 2.612294 0.308658 0.961940
-1.747211 3.676635 2.611849 0.419108 0.906674
-1.753206 3.742979 2.596241 0.597545 0.990393
-1.726583 3.726863 2.601479 0.580892 0.906674
-1.701871 3.646852 2.590734 0.401011 0.738982
-1.677063 3.654258 2.552052 0.469042 0.655636
-1.700088 3.663987 2.588899 0.449536 0.753701
-1.677264 3.633171 2.553667 0.411839 0.631942
-1.700421 3.629604 2.591530 0.356289 0.715078
-1.695793 3.612910 2.591257 0.317092 0.682909
-1.669744 3.613421 2.552682 0.368058 0.588161
-1.688164 3.597409 2.589924 0.284922 0.643710
-1.663403 3.605010 2.551245 0.353394 0.560726
-1.688164 3.597409 2.589924 0.284922 0.643710
-1.677829 3.583696 2.587582 0.261019 0.598990
-1.655645 3.598019 2.549246 0.344364 0.530958
-1.677829 3.583696 2.587582 0.261019 0.598990
-1.665184 3.572299 2.584322 0.246298 0.550464
-1.646766 3.592717 2.546759 0.341315 0.500000
-1.665184 3.572299 2.584322 0.246298 0.550464
-1.650713 3.563654 2.580267 0.241328 0.500000
-1.637109 3.589307 2.543881 0.344364 0.469042
-1.650713 3.563654 2.580267 0.241328 0.500000
-1.634966 3.558094 2.575573 0.246298 0.449536
-1.627046 3.587919 2.540722 0.353394 0.439274
-1.618602 3.555835 2.570432 0.261018 0.401011
-1.602379 3.556982 2.565069 0.284922 0.356290
-1.618602 3.555835 2.570432 0.261018 0.401011
-1.586722 3.561465 2.559646 0.317092 0.317091
-1.616964 3.588607 2.537404 0.368058 0.411839
-1.602379 3.556982 2.565069 0.284922 0.356290
-1.572198 3.569103 2.554375 0.356290 0.284922
-1.607250 3.591344 2.534054 0.387793 0.387793
-1.586722 3.561465 2.559646 0.317092 0.317091
-1.559407 3.579613 2.549458 0.401011 0.261018
-1.598278 3.596025 2.530802 0.411839 0.368058
-1.572198 3.569103 2.554375 0.356289 0.284922
-1.548854 3.592592 2.545088 0.449536 0.246298
-1.590393 3.602469 2.527773 0.439274 0.353394
-1.559407 3.579613 2.549458 0.401011 0.261018
-1.540950 3.607547 2.541430 0.500000 0.241328
-1.583898 3.610430 2.525084 0.469042 0.344364
-1.548854 3.592592 2.545088 0.449536 0.246298
-1.535999 3.623905 2.538624 0.550464 0.246298
-1.579041 3.619603 2.522837 0.500000 0.341315
-1.534189 3.641036 2.536778 0.598989 0.261018
-1.576013 3.629635 2.521120 0.530958 0.344364
-1.575822 3.650718 2.519512 0.588161 0.368058
-1.535582 3.658283 2.535964 0.643711 0.284922
-1.578667 3.660959 2.519683 0.612208 0.387793
-1.540112 3.674979 2.536212 0.682909 0.317091
-1.583351 3.670471 2.520505 0.631942 0.411839
-1.540112 3.674979 2.536212 0.682909 0.317091
-1.547570 3.690464 2.537513 0.715078 0.356290
-1.589694 3.678888 2.521944 0.646607 0.439274
-1.557697 3.704159 2.539812 0.738982 0.401011
-1.597453 3.685886 2.523945 0.655636 0.469042
-1.557697 3.704159 2.539812 0.738982 0.401011
-1.570303 3.715564 2.543065 0.753701 0.449536
-1.584776 3.724222 2.547120 0.758672 0.500000
-1.600510 3.729788 2.551809 0.753701 0.550464
-1.606328 3.691195 2.526430 0.658686 0.500000
-1.616904 3.732053 2.556955 0.738982 0.598989
-1.615981 3.694613 2.529307 0.655636 0.530958
-1.600510 3.729788 2.551809 0.753701 0.550464
-1.633330 3.730931 2.562359 0.715078 0.643710
-1.626038 3.696003 2.532462 0.646607 0.560726
-1.616904 3.732053 2.556955 0.738982 0.598990
-1.649158 3.726466 2.567814 0.682909 0.682909
-1.636115 3.695315 2.535777 0.631942 0.588161
-1.663779 3.718827 2.573110 0.643711 0.715078
-1.645824 3.692575 2.539122 0.612208 0.612208
-1.676632 3.708309 2.578046 0.598989 0.738982
-1.654793 3.687891 2.542371 0.588161 0.631942
-1.687221 3.695317 2.582431 0.550464 0.753701
-1.662676 3.681441 2.545397 0.560726 0.646606
-1.695142 3.680352 2.586095 0.500000 0.758672
-1.669171 3.673473 2.548085 0.530958 0.655636
-1.720632 3.670540 2.606411 0.435748 0.823014
-1.714251 3.691648 2.602794 0.500000 0.829343
-1.722931 3.648438 2.608778 0.373966 0.804273
-1.721062 3.626193 2.609805 0.317027 0.773839
-1.715095 3.604659 2.609452 0.267120 0.732880
-1.705259 3.584665 2.607733 0.226162 0.682973
-1.691928 3.566978 2.604713 0.195727 0.626034
-1.675619 3.552276 2.600507 0.176985 0.564252
-1.656982 3.541128 2.595282 0.170657 0.500000
-1.668078 3.515796 2.598018 0.085359 0.500000
-1.637001 3.533996 2.589303 0.176985 0.435748
-1.616134 3.531113 2.582723 0.195727 0.373966
-1.595184 3.532590 2.575798 0.226162 0.317027
-1.574891 3.538348 2.568805 0.267120 0.267120
-1.556093 3.548180 2.562009 0.317027 0.226162
-1.565817 3.512294 2.565096 0.206805 0.206805
-1.539548 3.561723 2.555670 0.373966 0.195727
-1.525905 3.578460 2.550033 0.435748 0.176985
-1.515697 3.597751 2.545314 0.500000 0.170657
-1.509322 3.618855 2.541693 0.564251 0.176985
-1.507018 3.640963 2.539311 0.626034 0.195727
-1.481398 3.639805 2.528442 0.658676 0.116922
-1.508862 3.663220 2.538259 0.682973 0.226162
-1.483728 3.667474 2.527134 0.730362 0.155239
-1.514771 3.684770 2.538576 0.732880 0.267120
-1.524481 3.704774 2.540253 0.773838 0.317027
-1.503234 3.719144 2.529609 0.844761 0.269638
-1.537567 3.722440 2.543225 0.804273 0.373966
-1.553590 3.737119 2.547369 0.823014 0.435748
-1.571927 3.748247 2.552524 0.829343 0.500000
-1.562368 3.773213 2.544877 0.914641 0.500000
-1.592195 3.755420 2.558569 0.823014 0.564252
-1.613340 3.758341 2.565207 0.804273 0.626034
-1.634527 3.756893 2.572176 0.773838 0.682973
-1.654941 3.751131 2.579214 0.732880 0.732880
-1.640198 3.783964 2.569303 0.844761 0.730362
-1.673798 3.741277 2.586046 0.682973 0.773839
-1.690376 3.727710 2.592413 0.626034 0.804273
-1.689005 3.764553 2.586540 0.730362 0.844761
-1.704035 3.710952 2.598068 0.564251 0.823014
-1.674029 3.664295 2.550332 0.500000 0.658686
-1.504849 3.562119 2.541765 0.419108 0.093326
-1.521821 3.541321 2.548775 0.341324 0.116922
-1.617209 3.503339 2.582389 0.116921 0.341324
-1.678155 3.643748 2.553178 0.439274 0.646606
-1.674423 3.622930 2.553499 0.387793 0.612208
-1.574926 3.640141 2.519997 0.560726 0.353394
Indices:
0 1 2
3 4 5
6 7 4
8 9 7
10 11 9
12 13 11
14 15 13
15 16 17
17 18 19
19 20 21
21 22 23
23 24 25
25 26 27
27 28 29
29 30 31
30 32 31
33 34 32
35 36 34
37 38 36
39 40 38
41 42 40
43 44 42
45 46 44
46 47 48
48 49 50
50 51 52
52 53 54
54 55 56
56 57 58
58 59 0
1 60 2
61 5 60
62 63 64
65 62 66
67 65 66
68 67 69
70 71 72
73 74 75
76 77 78
79 80 81
82 81 83
84 82 85
86 87 88
89 90 91
92 93 94
95 96 97
98 99 100
101 102 98
103 104 101
105 103 106
107 106 108
109 110 111
112 111 113
114 115 116
117 114 116
118 119 117
120 121 122
123 124 125
126 127 123
128 129 126
130 131 128
132 133 130
134 135 132
134 136 64
137 59 136
64 138 62
136 57 138
62 139 66
138 55 139
66 140 67
139 53 140
67 141 69
140 51 141
71 142 72
141 49 142
74 143 75
142 47 143
77 144 78
144 47 145
80 146 81
146 145 45
81 147 83
147 45 43
85 148 84
147 41 148
88 149 86
148 39 149
91 150 89
150 151 37
94 152 92
152 37 35
97 153 95
152 33 153
100 154 98
153 30 154
98 155 101
154 28 155
101 156 103
155 157 156
106 156 158
156 159 158
108 158 160
160 24 22
111 160 161
161 22 162
113 161 163
163 20 18
116 163 164
164 18 16
117 164 165
165 16 166
118 165 167
165 14 167
120 167 168
168 14 12
123 168 169
169 12 10
126 169 170
170 171 8
128 170 172
172 8 6
128 173 130
173 174 3
130 175 132
175 3 61
132 137 134
175 1 137
64 176 134
0 59 1
3 174 4
6 8 7
8 171 9
10 12 11
12 14 13
14 166 15
15 166 16
17 16 18
19 18 20
21 162 22
23 22 24
25 159 26
27 157 28
29 28 30
30 177 32
33 178 34
35 37 36
37 151 38
39 41 40
41 179 42
43 45 44
45 145 46
46 145 47
48 47 49
50 49 51
52 51 53
54 53 55
56 55 57
58 57 59
1 61 60
61 3 5
62 180 63
65 180 62
67 181 65
68 181 67
70 68 71
73 70 74
76 73 77
79 76 80
82 79 81
84 87 82
86 90 87
89 93 90
92 96 93
95 99 96
98 102 99
101 104 102
103 182 104
105 182 103
107 105 106
109 107 110
112 109 111
114 112 115
117 119 114
118 121 119
120 124 121
123 127 124
126 129 127
128 131 129
130 133 131
132 135 133
134 176 135
134 137 136
137 1 59
64 136 138
136 59 57
62 138 139
138 57 55
66 139 140
139 55 53
67 140 141
140 53 51
71 141 142
141 51 49
74 142 143
142 49 47
77 143 144
144 143 47
80 144 146
146 144 145
81 146 147
147 146 45
85 147 148
147 179 41
88 148 149
148 41 39
91 149 150
150 149 151
94 150 152
152 150 37
97 152 153
152 178 33
100 153 154
153 177 30
98 154 155
154 30 28
101 155 156
155 28 157
106 103 156
156 26 159
108 106 158
160 158 24
111 110 160
161 160 22
113 111 161
163 161 20
116 115 163
164 163 18
117 116 164
165 164 16
118 117 165
165 166 14
120 122 167
168 167 14
123 125 168
169 168 12
126 123 169
170 169 171
128 126 170
172 170 8
128 172 173
173 172 174
130 173 175
175 173 3
132 175 137
175 61 1
64 63 176
