Material: Refraction
BaseColor: Roughness.png
Normal: None
Roughness: None
Metallic: None
Alpha: 1.000000
Emissive: None
Vertices:
-0.002740 2.628051 0.982688 0.109299 0.243255
0.002479 2.638534 0.992145 0.126069 0.347123
-0.002813 2.640321 0.984854 0.058069 0.320228
0.004832 2.616275 0.988216 0.213041 0.217166
0.002546 2.627291 0.990160 0.163597 0.278154
0.011261 2.617090 0.995045 0.259879 0.262737
0.009240 2.626832 0.996764 0.218008 0.313418
0.009180 2.636776 0.998520 0.186801 0.371284
0.123692 2.641000 0.985029 0.883722 0.757728
0.118467 2.627913 0.990320 0.866868 0.653815
0.123765 2.628730 0.982863 0.934909 0.680681
0.116114 2.650172 0.994249 0.779949 0.783921
0.118400 2.639156 0.992305 0.829367 0.722851
0.109679 2.647068 1.000381 0.733028 0.738354
0.111700 2.637326 0.998662 0.774887 0.687595
0.111760 2.627382 0.996906 0.806080 0.629666
0.004590 2.604720 0.978571 0.237329 0.114800
-0.000246 2.616029 0.980566 0.160528 0.166282
0.015655 2.596596 0.984746 0.343178 0.130431
0.009262 2.605912 0.986388 0.274126 0.167834
0.020833 2.599686 0.991976 0.368987 0.190470
0.015180 2.607925 0.993428 0.310872 0.221245
0.116362 2.664330 0.989146 0.755761 0.886373
0.121198 2.653021 0.987151 0.832535 0.834775
0.105291 2.669851 0.997720 0.649865 0.870865
0.111683 2.660534 0.996077 0.718889 0.833353
0.100107 2.664472 1.003450 0.623952 0.810813
0.105760 2.656233 1.001997 0.682046 0.779937
0.020428 2.585927 0.975260 0.404784 0.045123
0.011566 2.594553 0.976779 0.314130 0.063318
0.033301 2.582493 0.982263 0.496680 0.099953
0.023775 2.588691 0.983353 0.418536 0.108217
0.036440 2.587213 0.989780 0.497566 0.165314
0.028015 2.592695 0.990745 0.432037 0.171647
0.100524 2.683123 0.992457 0.588314 0.956261
0.109386 2.674497 0.990938 0.678987 0.937971
0.087644 2.683954 1.000202 0.496415 0.901408
0.097170 2.677755 0.999112 0.574537 0.893167
0.084500 2.676945 1.005646 0.495457 0.836014
0.092925 2.671463 1.004681 0.560941 0.829721
0.042363 2.574533 0.973258 0.586123 0.044417
0.030824 2.579163 0.974070 0.495438 0.026929
0.055084 2.576113 0.981146 0.650087 0.129988
0.043875 2.578250 0.981519 0.574796 0.107954
0.055705 2.581571 0.988793 0.625940 0.190718
0.045791 2.583461 0.989122 0.563044 0.171728
0.053897 2.696779 0.994848 0.239066 0.887751
0.065861 2.690333 1.001319 0.342966 0.870901
0.066356 2.696850 0.994866 0.316105 0.938940
0.043258 2.688018 1.000900 0.212883 0.783990
0.054444 2.690268 1.001302 0.273940 0.833405
0.045245 2.680540 1.006263 0.258445 0.737083
0.055138 2.682529 1.006619 0.309189 0.778936
0.065235 2.682587 1.006633 0.367106 0.810122
0.078589 2.694518 0.994459 0.406872 0.956745
0.090128 2.689888 0.993647 0.497640 0.974550
0.077071 2.688196 1.000946 0.418291 0.893185
0.075149 2.680697 1.006304 0.430010 0.829368
0.067055 2.572271 0.972869 0.753868 0.113055
0.054596 2.572201 0.972851 0.676808 0.061905
0.077688 2.578428 0.981565 0.780072 0.216771
0.066502 2.576178 0.981163 0.719065 0.167374
0.075695 2.583618 0.989163 0.734476 0.263649
0.065802 2.581629 0.988807 0.683801 0.221797
0.030206 2.689563 0.993563 0.110454 0.759790
0.041689 2.694324 0.994409 0.162028 0.836563
0.023275 2.677361 0.999010 0.125981 0.653917
0.032735 2.683656 1.000125 0.163469 0.722933
0.027572 2.671115 1.004591 0.186021 0.628024
0.035939 2.676681 1.005578 0.216878 0.686108
0.090746 2.579488 0.974154 0.882481 0.241000
0.079263 2.574727 0.973308 0.830929 0.164206
0.097670 2.589085 0.983455 0.866917 0.346882
0.088210 2.582791 0.982340 0.829449 0.277842
0.093367 2.593043 0.990835 0.806839 0.372764
0.085001 2.587477 0.989848 0.776001 0.314650
0.011123 2.673967 0.990801 0.040626 0.592355
0.019882 2.682693 0.992346 0.058880 0.683016
0.008956 2.659985 0.995935 0.095495 0.500500
0.015249 2.669365 0.997594 0.103706 0.578602
0.014908 2.655747 1.001872 0.160864 0.499565
0.020474 2.664043 1.003339 0.167135 0.565028
0.109829 2.595083 0.976916 0.952288 0.408471
0.101070 2.586357 0.975371 0.934033 0.317795
0.111990 2.606462 0.986530 0.897401 0.500352
0.105696 2.597081 0.984871 0.889186 0.422222
0.106032 2.608411 0.993554 0.831995 0.501292
0.100466 2.600115 0.992086 0.825720 0.435794
-0.000446 2.652367 0.986982 0.040221 0.410961
0.004255 2.663730 0.988991 0.022372 0.501693
0.004648 2.649572 0.994095 0.103751 0.422406
0.011099 2.646538 1.000244 0.167533 0.434148
0.121398 2.616683 0.980735 0.952726 0.589914
0.116697 2.605320 0.978726 0.970543 0.499147
0.116297 2.616874 0.988370 0.889162 0.578484
0.109841 2.617620 0.995181 0.825335 0.566751
0.027557 2.657517 1.007237 0.233898 0.551234
0.033422 2.663306 1.008267 0.249039 0.601375
0.023011 2.650671 1.006032 0.229271 0.499067
0.035891 2.650251 1.009485 0.303058 0.537432
0.040450 2.654355 1.010254 0.315733 0.573716
0.064855 2.589701 0.995279 0.646202 0.278726
0.056550 2.589690 0.995279 0.600039 0.254068
0.072985 2.591374 0.995583 0.686347 0.312365
0.063742 2.599612 1.000556 0.606892 0.337389
0.057567 2.599872 1.000642 0.572228 0.320764
0.080654 2.594513 0.996136 0.719516 0.352937
0.087514 2.599122 0.996958 0.743758 0.399406
0.075539 2.603205 1.001195 0.660815 0.392167
0.069730 2.601118 1.000867 0.635199 0.363449
0.019842 2.643113 1.004690 0.234475 0.446959
0.018302 2.635075 1.003276 0.250168 0.397007
0.030130 2.639495 1.007583 0.303636 0.460677
0.032744 2.645004 1.008600 0.301460 0.499041
0.072547 2.671221 1.009676 0.442806 0.762383
0.080224 2.668099 1.009134 0.494941 0.767575
0.064386 2.672738 1.009946 0.392820 0.746700
0.069486 2.660484 1.011306 0.456518 0.693183
0.075088 2.657902 1.010896 0.494902 0.695354
0.101094 2.619317 1.000524 0.758332 0.553941
0.097925 2.611756 0.999193 0.763532 0.501791
0.102634 2.627353 1.001949 0.742641 0.603941
0.090802 2.621727 1.004472 0.689108 0.540222
0.088188 2.616203 1.003539 0.691282 0.501822
0.056080 2.672729 1.009935 0.346645 0.721953
0.047951 2.671054 1.009642 0.306470 0.688336
0.057190 2.661610 1.011500 0.385794 0.663273
0.063366 2.661335 1.011497 0.420422 0.679967
0.048389 2.591209 0.995538 0.550024 0.238638
0.040712 2.594329 0.996091 0.497850 0.233683
0.051447 2.600738 1.000749 0.536078 0.307765
0.045845 2.603305 1.001243 0.497665 0.305803
0.087174 2.663622 1.008341 0.547127 0.762934
0.093054 2.657845 1.007329 0.597282 0.747777
0.080408 2.654810 1.010309 0.533310 0.693749
0.084583 2.650313 1.009560 0.569606 0.681065
0.033761 2.598807 0.996873 0.445647 0.238371
0.027882 2.604583 0.997896 0.395494 0.253452
0.040524 2.606411 1.001746 0.459275 0.307460
0.036349 2.610894 1.002578 0.423029 0.320083
0.102624 2.635532 1.003388 0.717888 0.650130
0.100924 2.643537 1.004806 0.684263 0.690318
0.091945 2.633835 1.006610 0.659188 0.610973
0.091673 2.627746 1.005578 0.675887 0.576332
0.097736 2.651090 1.006133 0.643723 0.723517
0.088295 2.645452 1.008660 0.604479 0.664883
0.090407 2.639724 1.007693 0.633160 0.639272
0.023200 2.611339 0.999081 0.349066 0.277628
0.020012 2.618891 1.000419 0.308538 0.310751
0.032638 2.615769 1.003395 0.388198 0.336203
0.030525 2.621483 1.004446 0.359547 0.361758
0.018312 2.626897 1.001827 0.274920 0.350874
0.028988 2.627387 1.005445 0.333540 0.390009
0.029259 2.633461 1.006560 0.316850 0.424607
0.093379 2.604913 0.997977 0.758901 0.449585
0.085042 2.610971 1.002570 0.689681 0.463393
0.080483 2.606853 1.001884 0.676998 0.427073
0.040282 2.667917 1.009079 0.273286 0.647804
0.045393 2.658017 1.010860 0.331906 0.608578
0.051203 2.660089 1.011271 0.357506 0.637251
0.030525 2.621483 1.004446 0.359547 0.361758
0.041063 2.619913 1.006178 0.421456 0.386500
0.042145 2.624606 1.007437 0.413230 0.416016
0.036349 2.610894 1.002578 0.423029 0.320083
0.032638 2.615769 1.003395 0.388198 0.336203
0.042145 2.624606 1.007437 0.413230 0.416016
0.045709 2.618126 1.006295 0.451841 0.390720
0.060464 2.629856 1.010305 0.496310 0.500451
0.075088 2.657902 1.010896 0.494902 0.695354
0.066754 2.651088 1.011694 0.468575 0.634038
0.069412 2.646890 1.011384 0.495309 0.618968
0.063366 2.661335 1.011497 0.420422 0.679967
0.069486 2.660484 1.011306 0.456518 0.693183
0.069412 2.646890 1.011384 0.495309 0.618968
0.062239 2.648991 1.011752 0.450031 0.609556
0.091673 2.627746 1.005578 0.675887 0.576332
0.082413 2.632508 1.008420 0.609146 0.577197
0.079560 2.628438 1.008130 0.605452 0.546723
0.090407 2.639724 1.007693 0.633160 0.639272
0.078786 2.635767 1.009424 0.579424 0.584966
0.063366 2.661335 1.011497 0.420422 0.679967
0.058181 2.651874 1.011829 0.419566 0.613248
0.062239 2.648991 1.011752 0.450031 0.609556
0.057190 2.661610 1.011500 0.385794 0.663273
0.054797 2.648228 1.011614 0.411804 0.583536
0.051203 2.660089 1.011271 0.357506 0.637251
0.049956 2.649368 1.011383 0.382248 0.575289
0.054797 2.648228 1.011614 0.411804 0.583536
0.040450 2.654355 1.010254 0.315733 0.573716
0.054797 2.648228 1.011614 0.411804 0.583536
0.048218 2.644720 1.010991 0.386449 0.544871
0.036349 2.610894 1.002578 0.423029 0.320083
0.046562 2.613388 1.005028 0.470722 0.366625
0.045709 2.618126 1.006295 0.451841 0.390720
0.045845 2.603305 1.001243 0.497665 0.305804
0.040524 2.606411 1.001746 0.459275 0.307460
0.051519 2.613483 1.005477 0.497211 0.382076
0.057567 2.599872 1.000642 0.572228 0.320764
0.062750 2.608647 1.004198 0.573055 0.387461
0.058691 2.611383 1.005110 0.542547 0.391225
0.069730 2.601118 1.000867 0.635199 0.363449
0.063742 2.599612 1.000556 0.606892 0.337389
0.058691 2.611383 1.005110 0.542547 0.391225
0.066134 2.612145 1.005248 0.580842 0.417224
0.090407 2.639724 1.007693 0.633160 0.639272
0.079868 2.640608 1.009849 0.571176 0.614531
0.078786 2.635767 1.009424 0.579424 0.584966
0.088295 2.645452 1.008660 0.604479 0.664883
0.075222 2.642247 1.010566 0.540746 0.610334
0.040450 2.654355 1.010254 0.315733 0.573715
0.043331 2.643954 1.010424 0.362301 0.525944
0.032744 2.645004 1.008600 0.301460 0.499041
0.035891 2.650251 1.009485 0.303058 0.537432
0.048218 2.644720 1.010991 0.386449 0.544871
0.043503 2.638998 1.009979 0.377822 0.499453
0.069730 2.601118 1.000867 0.635199 0.363449
0.070975 2.611153 1.004644 0.610427 0.425489
0.066134 2.612145 1.005248 0.580842 0.417224
0.080483 2.606853 1.001884 0.676998 0.427073
0.075539 2.603205 1.001195 0.660815 0.392168
0.066134 2.612145 1.005248 0.580842 0.417224
0.072713 2.615654 1.005870 0.606230 0.455952
0.045845 2.603305 1.001243 0.497665 0.305803
0.054177 2.609432 1.004333 0.523954 0.366879
0.051519 2.613483 1.005477 0.497211 0.382076
0.051519 2.613483 1.005477 0.497211 0.382076
0.074369 2.647132 1.010998 0.521813 0.634490
0.075222 2.642247 1.010566 0.540746 0.610334
0.075088 2.657902 1.010896 0.494902 0.695354
0.080408 2.654810 1.010309 0.533310 0.693749
0.075222 2.642247 1.010566 0.540746 0.610334
0.069412 2.646890 1.011384 0.495309 0.618968
0.029259 2.633461 1.006560 0.316850 0.424607
0.038518 2.628012 1.007607 0.383535 0.423762
0.041370 2.631935 1.008731 0.387230 0.454203
0.030525 2.621483 1.004446 0.359547 0.361758
0.028988 2.627387 1.005445 0.333540 0.390009
0.041370 2.631935 1.008731 0.387230 0.454203
0.042145 2.624606 1.007437 0.413230 0.416016
0.081616 2.624066 1.006929 0.629943 0.528167
0.077428 2.621375 1.006882 0.614867 0.501422
0.091673 2.627746 1.005578 0.675887 0.576332
0.090802 2.621727 1.004472 0.689108 0.540222
0.077428 2.621375 1.006882 0.614867 0.501422
0.079560 2.628438 1.008130 0.605452 0.546723
0.032744 2.645004 1.008600 0.301460 0.499041
0.039315 2.636455 1.009098 0.362757 0.472732
0.043503 2.638998 1.009979 0.377822 0.499453
0.029259 2.633461 1.006560 0.316850 0.424607
0.030130 2.639495 1.007583 0.303636 0.460677
0.077600 2.616567 1.005603 0.630396 0.474899
0.072713 2.615654 1.005870 0.606230 0.455952
0.085042 2.610971 1.002570 0.689681 0.463393
0.072713 2.615654 1.005870 0.606230 0.455952
0.077428 2.621375 1.006882 0.614867 0.501422
0.045709 2.618126 1.006295 0.451841 0.390720
0.091945 2.633835 1.006610 0.659188 0.610973
0.078786 2.635767 1.009424 0.579424 0.584966
0.057190 2.661610 1.011500 0.385794 0.663273
0.054797 2.648228 1.011614 0.411804 0.583536
0.045393 2.658017 1.010860 0.331906 0.608578
0.048218 2.644720 1.010991 0.386449 0.544871
0.051519 2.613483 1.005477 0.497211 0.382076
0.063742 2.599612 1.000556 0.606892 0.337389
0.075222 2.642247 1.010566 0.540746 0.610334
0.075539 2.603205 1.001195 0.660815 0.392167
0.072713 2.615654 1.005870 0.606230 0.455952
0.051447 2.600738 1.000749 0.536078 0.307765
0.058691 2.611383 1.005110 0.542547 0.391225
0.042145 2.624606 1.007437 0.413230 0.416016
0.079560 2.628438 1.008130 0.605452 0.546723
0.085042 2.610971 1.002570 0.689681 0.463393
0.077428 2.621375 1.006882 0.614867 0.501422
Indices:
0 1 2
0 3 4
4 5 6
4 7 1
8 9 10
8 11 12
12 13 14
12 15 9
16 3 17
16 18 19
19 20 21
19 5 3
22 11 23
22 24 25
25 26 27
25 13 11
28 18 29
28 30 31
31 32 33
31 20 18
34 24 35
34 36 37
37 38 39
37 26 24
40 30 41
40 42 43
43 44 45
43 32 30
46 47 48
46 49 50
50 51 52
50 53 47
54 36 55
54 47 56
56 53 57
56 38 36
58 42 59
58 60 61
61 62 63
61 44 42
64 49 65
64 66 67
67 68 69
67 51 49
70 60 71
70 72 73
73 74 75
73 62 60
76 66 77
76 78 79
79 80 81
79 68 66
82 72 83
82 84 85
85 86 87
85 74 72
88 78 89
88 1 90
90 7 91
90 80 78
92 84 93
92 9 94
94 15 95
94 86 84
68 96 97
80 96 81
98 99 96
97 99 100
44 101 102
62 101 63
103 104 101
102 104 105
62 106 103
74 106 75
107 108 106
103 108 109
80 110 98
7 110 91
111 112 110
98 112 113
38 114 115
53 114 57
116 117 114
115 117 118
86 119 120
15 119 95
121 122 119
120 122 123
53 124 116
51 124 52
125 126 124
116 126 127
32 128 129
44 128 45
102 130 128
129 130 131
26 132 133
38 132 39
115 134 132
133 134 135
20 136 137
32 136 33
129 138 136
137 138 139
15 140 121
13 140 14
141 142 140
121 142 143
13 144 141
26 144 27
133 145 144
141 145 146
5 147 148
20 147 21
137 149 147
148 149 150
7 151 111
5 151 6
148 152 151
111 152 153
74 154 107
86 154 87
120 155 154
107 155 156
51 157 125
68 157 69
97 158 157
125 158 159
160 161 162
163 161 164
165 166 167
168 169 170
171 169 172
173 174 167
175 176 177
178 176 142
177 179 167
180 181 182
159 181 183
182 184 167
185 186 187
188 186 158
189 190 167
191 192 193
194 192 195
166 196 167
197 198 199
200 198 201
202 203 167
204 205 206
135 205 207
179 208 167
209 210 190
211 210 212
213 214 167
215 216 217
218 216 219
220 221 167
222 223 224
105 223 130
225 202 167
135 226 227
228 226 229
230 231 167
232 233 234
235 233 236
237 238 167
123 239 240
241 239 242
243 244 167
245 246 247
248 246 249
247 234 167
218 250 251
123 250 252
253 254 167
0 4 1
0 17 3
4 3 5
4 6 7
8 12 9
8 23 11
12 11 13
12 14 15
16 19 3
16 29 18
19 18 20
19 21 5
22 25 11
22 35 24
25 24 26
25 27 13
28 31 18
28 41 30
31 30 32
31 33 20
34 37 24
34 55 36
37 36 38
37 39 26
40 43 30
40 59 42
43 42 44
43 45 32
46 50 47
46 65 49
50 49 51
50 52 53
54 56 36
54 48 47
56 47 53
56 57 38
58 61 42
58 71 60
61 60 62
61 63 44
64 67 49
64 77 66
67 66 68
67 69 51
70 73 60
70 83 72
73 72 74
73 75 62
76 79 66
76 89 78
79 78 80
79 81 68
82 85 72
82 93 84
85 84 86
85 87 74
88 90 78
88 2 1
90 1 7
90 91 80
92 94 84
92 10 9
94 9 15
94 95 86
68 81 96
80 98 96
98 113 99
97 96 99
44 63 101
62 103 101
103 109 104
102 101 104
62 75 106
74 107 106
107 156 108
103 106 108
80 91 110
7 111 110
111 153 112
98 110 112
38 57 114
53 116 114
116 127 117
115 114 117
86 95 119
15 121 119
121 143 122
120 119 122
53 52 124
51 125 124
125 159 126
116 124 126
32 45 128
44 102 128
102 105 130
129 128 130
26 39 132
38 115 132
115 118 134
133 132 134
20 33 136
32 129 136
129 131 138
137 136 138
15 14 140
13 141 140
141 146 142
121 140 142
13 27 144
26 133 144
133 135 145
141 144 145
5 21 147
20 137 147
137 139 149
148 147 149
7 6 151
5 148 151
148 150 152
111 151 152
74 87 154
86 120 154
120 123 155
107 154 155
51 69 157
68 97 157
97 100 158
125 157 158
160 164 161
163 255 161
165 161 166
168 117 169
171 174 169
173 169 174
175 256 176
178 257 176
177 176 179
180 258 181
159 259 181
182 181 184
185 260 186
188 261 186
189 186 190
191 195 192
194 262 192
166 192 196
197 263 198
200 217 198
202 198 203
204 207 205
135 264 205
179 205 208
209 99 210
211 214 210
213 210 214
215 265 216
218 266 216
220 216 221
222 267 223
105 268 223
225 223 202
135 134 226
228 170 226
230 226 231
232 152 233
235 269 233
237 233 238
123 122 239
241 270 239
243 239 244
245 112 246
248 234 246
247 246 234
218 271 250
123 272 250
253 250 254
